1.26 2761 5794 51 80 769 3806 2 24 2630
1.27 4535 6973 60 106 1771 2077 9 26 4369
1.28 5997 9239 103 132 1459 3248 43 26 5762
1.29 7736 12167 126 170 1737 4148 21 38 7440
1.30 9720 15238 171 213 1982 4812 47 43 9336
1.31 11821 17988 243 259 2102 5019 72 46 11319
2.1 14411 19544 328 304 2590 4562 85 45 13779
2.2 17238 21558 475 361 2829 5173 147 57 16402
2.3 20471 23214 632 425 3235 5072 157 64 19414
2.4 24363 23260 892 491 3887 3971 262 66 22980
2.5 28060 24702 1153 564 3694 5328 261 73 26343
2.6 31211 26359 1542 637 3151 4833 389 73 29032
2.7 34598 27657 2050 723 3399 4214 510 86 31825
2.8 37251 28942 2651 812 2653 3916 600 89 33788
2.9 40235 23589 3283 909 3073 4008 632 97 36043
2.10 42708 21675 3998 1017 2484 3536 716 108 37693
2.11 44730 16067 4742 1114 2022 3342 744 97 38874
2.12 59882 13435 5915 1368 15153 2807 1173 254 52599
2.13 63932 10109 6728 1381 5093 2450 1082 121 55823
2.14 66576 8969 8101 1524 2644 2277 1373 143 56951
2.15 68584 8228 9425 1666 2009 1918 1324 142 57493
2.16 70635 7264 10853 1772 2051 1563 1428 106 58010
2.17 72528 6242 12561 1870 1891 1432 1701 98 58097
2.18 74279 5248 14387 2006 1751 1185 1826 136 57886
2.19 75101 4922 16170 2121 825 1277 1781 115 56810
2.20 75993 5206 18279 2239 892 1614 2109 118 55475
2.21 76392 5365 20673 2348 399 1614 2394 109 53371
2.22 77041 4148 22907 2445 649 882 2235 97 51689
2.23 77262 3434 24757 2595 416 620 1850 150 49910
2.24 77779 2824 27353 2666 517 530 2596 71 47760
2.25 78190 2491 29775 2718 411 439 2422 52 45697
2.26 78630 2358 32531 2747 440 508 2756 29 43352
2.27 78959 2308 36157 2791 329 452 3626 44 40011
2.28 79389 1418 39049 2838 430 248 2892 47 37502
2.29 79968 851 41675 2873 579 132 2626 35 35420
3.1 80174 715 44518 2915 206 141 2843 42 32741
3.2 80302 587 47260 2946 128 129 2742 31 30096
3.3 80422 520 49914 2984 120 143 2654 38 27524
3.4 80565 522 52109 3015 143 143 2195 31 25441
3.5 80710 482 53793 3045 145 102 1684 30 23872
3.6 80813 502 55477 3073 103 99 1684 28 22263
3.7 80859 458 57143 3100 46 84 1666 27 20616
3.8 80904 421 58684 3123 45 60 1541 23 19097
3.9 80924 349 59982 3140 20 36 1298 17 17802
3.10 80955 285 61567 3162 31 31 1585 22 16226
3.11 80980 253 62887 3173 25 33 1320 11 14920
3.12 81003 147 64216 3180 11 33 1329 7 13607
3.13 81021 34 65649 3194 18 17 1433 14 12178
3.14 81048 113 67022 3204 27 39 1373 10 10822
3.15 81077 134 67863 3218 29 41 841 14 9996
3.16 81116 128 68799 3231 39 45 936 13 9086
3.17 81151 119 69725 3242 35 21 926 11 8184
3.18 81235 105 70547 3250 84 23 822 8 7438
3.19 81300 104 71284 3253 65 31 737 3 6763
