西藏 0 0 0 1 1 0 0 0
澳门 2 0 0 17 10 0 7 2
青海 0 0 0 18 18 0 0 0
台湾 8 4 0 135 26 2 107 4
香港 16 3 0 256 98 4 154 13
贵州 0 0 0 146 144 2 0 0
吉林 0 0 0 93 92 1 0 0
新疆 0 0 0 76 73 3 0 0
宁夏 0 0 0 75 75 0 0 0
内蒙古 0 0 0 75 74 1 0 0
甘肃 1 7 0 134 113 2 19 -6
天津 1 0 0 137 133 3 1 1
山西 0 0 0 133 133 0 0 0
辽宁 1 0 1 126 122 2 2 0
黑龙江 1 3 0 484 463 13 8 -2
海南 0 0 0 168 161 6 1 0
河北 0 0 0 318 310 6 2 0
陕西 1 0 0 247 237 3 7 1
云南 0 0 0 176 172 2 2 0
广西 1 0 0 254 250 2 2 1
福建 3 0 0 299 295 1 3 3
上海 8 0 0 371 326 3 42 8
北京 6 5 0 491 390 8 93 1
江苏 0 0 0 631 631 0 0 0
四川 1 5 0 541 536 3 2 -4
山东 1 1 0 762 748 7 7 0
江西 0 0 0 935 934 1 0 0
重庆 0 0 0 576 570 6 0 0
安徽 0 0 0 990 984 6 0 0
湖南 0 0 0 1018 1014 4 0 0
河南 0 0 0 1273 1250 22 1 0
广东 14 4 0 1395 1323 8 64 10
浙江 1 2 0 1234 1219 1 14 -1
湖北 0 703 2 67800 58434 3132 6234 -705
