吉尔吉斯斯坦 6 0 0 3
乌兹别克斯坦 33 0 0 10
哈萨克斯坦 49 0 0 7
土耳其 359 0 4 168
蒙古国 6 0 0 0
塞浦路斯 67 0 0 9
文莱 78 1 0 5
孟加拉国 20 3 1 3
马尔代夫 13 0 0 0
不丹 2 0 0 1
巴勒斯坦 47 0 0 3
沙特阿拉伯 274 8 0 36
约旦 70 1 0 13
印度尼西亚 369 17 32 60
亚美尼亚 136 1 0 14
卡塔尔 460 10 0 8
阿塞拜疆 28 6 1 0
格鲁吉亚 43 1 0 5
巴基斯坦 454 13 2 147
阿曼 48 13 0 9
阿富汗 24 0 0 2
巴林 285 110 1 16
科威特 159 22 0 11
伊拉克 192 49 13 15
黎巴嫩 163 1 4 9
以色列 705 14 0 28
伊朗 19644 6745 1433 1237
印度 223 20 5 22
菲律宾 230 7 18 13
阿联酋 140 31 0 0
斯里兰卡 71 1 0 11
柬埔寨 37 1 0 0
尼泊尔 1 1 0 0
越南 87 17 0 9
韩国 8652 2233 100 87
马来西亚 1030 87 2 130
日本 1016 215 35 39
新加坡 385 124 0 40
泰国 322 43 1 50
格恩西岛 1 0 0 0
黑山 10 0 0 8
泽西岛 5 0 0 0
圣马丁岛 2 0 0 0
圣巴泰勒米岛 3 0 0 0
法罗群岛 80 1 0 0
阿尔巴尼亚 55 0 1 0
保加利亚 112 0 2 15
摩尔多瓦 49 1 1 13
马耳他 38 1 0 0
斯洛伐克 123 0 1 18
梵蒂冈 1 0 0 0
塞尔维亚 118 0 0 15
直布罗陀 3 0 0 0
列支敦士登 7 0 0 0
波黑 64 0 0 39
匈牙利 85 7 1 12
斯洛文尼亚 286 0 1 0
波兰 355 13 5 117
乌克兰 26 0 3 10
拉脱维亚 86 1 0 15
葡萄牙 1020 4 6 235
安道尔 75 1 0 21
捷克 774 3 0 172
爱尔兰 557 5 3 191
卢森堡 484 0 4 149
圣马力诺 109 4 8 0
摩纳哥 11 0 0 2
冰岛 330 5 0 80
白俄罗斯 69 15 0 18
立陶宛 41 0 0 8
荷兰 2994 2 106 534
爱沙尼亚 267 1 0 9
丹麦 1226 1 9 94
罗马尼亚 277 25 0 17
北马其顿 67 1 0 19
挪威 1780 1 7 196
希腊 464 19 6 46
瑞士 4176 15 43 1107
克罗地亚 81 5 0 0
奥地利 2196 9 6 367
比利时 2257 165 37 462
西班牙 19980 1107 1002 2833
瑞典 1423 15 11 144
俄罗斯 253 8 1 54
英国 3269 65 144 643
意大利 41035 4440 3405 5322
芬兰 400 10 0 41
德国 17653 180 47 3696
法国 10995 1300 372 1861
安哥拉 1 0 0 1
佛得角 1 0 0 1
尼日尔 1 0 0 1
乍得 1 0 0 1
毛里求斯 7 0 0 4
赞比亚 2 0 0 0
吉布提 1 0 0 0
冈比亚 1 0 0 0
贝宁 1 0 0 0
索马里 1 0 0 0
坦桑尼亚 6 0 0 0
利比里亚 2 0 0 0
马约特 1 0 0 0
刚果（布） 3 0 0 0
中非共和国 3 0 0 2
塞舌尔 4 0 0 0
赤道几内亚 6 0 0 2
纳米比亚 2 0 0 0
卢旺达 11 0 0 0
斯威士兰 1 0 0 0
毛里塔尼亚 2 0 0 0
苏丹 2 0 1 0
几内亚 2 0 0 1
埃塞俄比亚 9 0 0 3
肯尼亚 7 0 0 0
加蓬 4 0 1 1
加纳 16 0 0 5
留尼汪岛 9 0 0 0
科特迪瓦 9 1 0 0
刚果（金） 18 0 0 4
布基纳法索 40 4 1 6
多哥 9 0 0 8
喀麦隆 21 2 0 7
南非 202 1 0 52
突尼斯 24 0 0 0
塞内加尔 38 3 0 2
摩洛哥 66 2 3 8
尼日利亚 8 1 0 0
埃及 256 26 7 46
阿尔及利亚 90 32 9 8
斐济 1 0 0 0
关岛 3 0 0 0
法属波利尼西亚 11 0 0 5
新西兰 39 0 0 11
澳大利亚 877 46 7 120
蒙特塞拉特 1 0 0 1
海地 2 0 0 2
萨尔瓦多 1 0 0 0
尼加拉瓜 1 0 0 0
巴巴多斯 2 0 0 0
美属维尔京群岛 2 0 0 0
格陵兰岛 1 0 0 0
巴哈马 1 0 0 0
瓜德罗普 45 0 0 27
开曼群岛 1 0 1 0
阿鲁巴 2 0 0 0
库拉索 3 0 1 0
圣卢西亚 2 0 0 0
圣文森特和格林纳丁斯 1 0 0 0
安提瓜和巴布达 1 0 0 0
波多黎各 5 0 0 0
危地马拉 2 0 1 0
特立尼达和多巴哥 9 0 0 0
古巴 16 0 1 5
洪都拉斯 24 0 0 12
牙买加 16 2 1 1
巴拿马 135 0 1 26
马提尼克 32 0 1 16
哥斯达黎加 87 0 1 18
多米尼加 34 0 2 13
墨西哥 164 4 1 46
加拿大 873 11 12 73
美国 14340 125 217 5892
圭亚那合作共和国 5 0 1 1
苏里南 2 0 0 1
乌拉圭 94 0 0 15
委内瑞拉 42 0 0 6
玻利维亚 16 0 0 6
法属圭亚那 11 3 1 0
巴拉圭 9 0 0 0
哥伦比亚 128 2 0 26
秘鲁 234 2 3 89
阿根廷 128 3 3 31
智利 342 0 0 103
厄瓜多尔 260 1 3 92
巴西 647 2 7 223
钻石公主号邮轮 712 551 7 0
中国 81300 71284 3253 65 