省份 2.6 2.13 2.20 2.27 3.5 3.12 3.19
北京 297 372 396 410 422 436 485
天津 79 119 131 136 136 136 137
上海 269 318 334 337 339 346 371
重庆 411 529 567 576 576 576 576
安徽 665 934 988 990 990 990 990
福建 224 281 293 296 296 296 299
广东 944 1241 1332 1347 1350 1356 1392
广西 172 226 246 252 252 252 254
贵州 77 140 146 146 146 146 146
甘肃 67 90 91 91 102 127 134
海南 100 157 168 168 168 168 168
河南 914 1184 1267 1272 1272 1273 1273
黑龙江 277 418 479 480 481 482 484
湖北 22112 51986 63088 65914 67592 67786 67800
湖南 772 988 1011 1017 1018 1018 1018
河北 171 283 308 318 318 318 318
江苏 408 593 631 631 631 631 631
江西 661 900 934 935 935 935 935
吉林 65 86 91 93 93 93 93
辽宁 94 117 121 121 125 125 126
宁夏 43 67 71 72 75 75 75
内蒙古 50 65 75 75 75 75 75
青海 18 18 18 18 18 18 18
山东 379 519 748 756 758 760 762
山西 96 126 132 133 133 133 133
陕西 184 230 245 245 245 245 247
四川 344 463 525 538 539 539 541
西藏 1 1 1 1 1 1 1
新疆 39 65 76 76 76 76 76
云南 135 162 174 174 174 174 176
浙江 1006 1155 1203 1205 1215 1215 1234
